0.0, 0.0
0.02, 0.00356100211959516
0.04, 0.014234088502902132
0.06, 0.03198940914831347
0.08, 0.05677697881723095
0.1, 0.08852673431212878
0.12, 0.1271479591983129
0.14, 0.17252901771808754
0.16, 0.22453687860367696
0.18, 0.28301866323673736
0.2, 0.3477971726199592
0.22, 0.41867598541460377
0.24, 0.4954374951101937
0.26, 0.5778437924342797
0.28, 0.6656382599831787
0.3, 0.7585492684782936
0.32, 0.8562916641929219
0.34, 0.9585894243080761
0.36, 1.0651239706359175
0.38, 1.1756422451404929
0.4, 1.2898642763739057
0.42, 1.4075937063097796
0.44, 1.5286687099204979
0.46, 1.652988276932131
0.48, 1.7806097852139628
0.5, 1.911712849482252
0.52, 2.046642657824395
0.54, 2.1860192758436874
0.56, 2.3307317348658754
0.58, 2.4820283439478534
0.6, 2.6416231255509772
0.62, 2.8117176160180706
0.64, 2.9953339411786972
0.66, 3.1963976012636754
0.68, 3.419500634575562
0.7000000000000001, 3.670464823138924
0.72, 3.956536868156711
0.74, 4.286655005693223
0.76, 4.670929549425388
0.78, 5.121373373795041
0.8, 5.651351728391721
0.8200000000000001, 6.275814668243263
0.84, 7.010533011332849
0.86, 7.8709554278081795
0.88, 8.869349398973661
0.9, 10.010742834658092
0.92, 11.28680235435355
0.9400000000000001, 12.666893985067418
0.96, 14.081927886164054
0.98, 15.411949851344255
1.0, 16.4611248718048
1.02, 17.00095496515647
1.04, 16.921510498942606
1.06, 16.318725451115835
1.08, 15.386475704302795
1.1, 14.301469410736543
1.12, 13.185829558323428
1.1400000000000001, 12.11119580673874
1.16, 11.120132209442136
1.18, 10.233331789136395
1.2, 9.459566681522915
1.22, 8.79524873567473
1.24, 8.232966703865037
1.26, 7.762885659061411
1.28, 7.374376083741988
1.3, 7.057336019091496
1.32, 6.801437125980854
1.34, 6.596384468890768
1.36, 6.433099364648669
1.3800000000000001, 6.304010791364305
1.4000000000000001, 6.20216451378796
1.42, 6.1214631317332815
1.44, 6.05711875896818
1.46, 6.0048497489509165
1.48, 5.961088998560779
1.5, 5.922909293011718
1.52, 5.887936880049006
1.54, 5.8542066863147175
1.56, 5.820127008617744
1.58, 5.7844860006831675
1.6, 5.746326706654508
1.62, 5.704959028620261
1.6400000000000001, 5.659936739648325
1.6600000000000001, 5.610969782313061
1.68, 5.557949647994674
1.7, 5.500789896885593
1.72, 5.439628575925227
1.74, 5.3747493475770325
1.76, 5.306265095245309
1.78, 5.234473233526468
1.8, 5.15956820190719
1.82, 5.081913396506996
1.84, 5.001812074966744
1.86, 4.919549106451824
1.8800000000000001, 4.835429180381549
1.9000000000000001, 4.749700506406601
1.92, 4.662634131094761
1.94, 4.5744228439302015
1.96, 4.4853702876323425
1.98, 4.395671079277907
2.0, 4.305547589506162
2.02, 4.21509388901747
2.04, 4.1245608874270925
2.06, 4.034123961812296
2.08, 3.9438429846291143
2.1, 3.8539126504884393
2.12, 3.764385450750803
2.14, 3.6754464125325663
2.16, 3.5871554630220963
2.18, 3.499580871953647
2.2, 3.4128466040163867
2.22, 3.326972820690176
2.24, 3.242061650303299
2.2600000000000002, 3.15820850526051
2.2800000000000002, 3.075428985275902
2.3000000000000003, 2.9937972310629974
2.32, 2.913356244252458
2.34, 2.834178158267716
2.36, 2.7562711878961594
2.38, 2.6796712690829194
2.4, 2.60439606581453
2.42, 2.5305224280656313
2.44, 2.4580608214046973
2.46, 2.387029017444306
2.48, 2.317482504675589
2.5, 2.2493692244651675
2.52, 2.182721153700748
2.54, 2.117614565018496
2.56, 2.0539963565887973
2.58, 1.9918961275399019
2.6, 1.9312804348873314
2.62, 1.8722068232810583
2.64, 1.8146183243454224
2.66, 1.7585093737824877
2.68, 1.7038607529497092
2.7, 1.6506703920203056
2.72, 1.5989551546020626
2.74, 1.548662104640192
2.7600000000000002, 1.4998044114552465
2.7800000000000002, 1.4523248397560304
2.8000000000000003, 1.4062125496636864
2.82, 1.3614436279549946
2.84, 1.317990207293642
2.86, 1.2758286394198664
2.88, 1.2349378327482292
2.9, 1.1952770301709394
2.92, 1.1568135757633233
2.94, 1.119530239991546
2.96, 1.0833948430299059
2.98, 1.0483743975172213
3.0, 1.0144271083357148
3.02, 0.9815238588619751
3.04, 0.9496276703672383
3.06, 0.9187334867353044
3.08, 0.8887914120861518
3.1, 0.8597843887171629
3.12, 0.831677810875555
3.14, 0.8044345013154475
3.16, 0.7780488059997995
3.18, 0.7524805090845669
3.2, 0.7276969187211824
3.22, 0.7036679259270121
3.24, 0.6803905972937525
3.2600000000000002, 0.6578298966979902
3.2800000000000002, 0.6359614876287915
3.3000000000000003, 0.6147451573649105
3.3200000000000003, 0.5941861318018482
3.34, 0.5742482427956985
3.36, 0.5549143118084499
3.38, 0.536169977406769
3.4, 0.5179908304797138
3.42, 0.5003651884249448
3.44, 0.48326597424170037
3.46, 0.4666784445307907
3.48, 0.4505951222195407
3.5, 0.4349931311639777
3.52, 0.41985747758777886
3.54, 0.4051645296910523
3.56, 0.39092247098484384
3.58, 0.37710741636739414
3.6, 0.3637095179572321
3.62, 0.3507164849123887
3.64, 0.3381121606352099
3.66, 0.3258866761805153
3.68, 0.3140332926815418
3.7, 0.30253981565273574
3.72, 0.2913967403113635
3.74, 0.2805965945944344
3.7600000000000002, 0.27013057067446195
3.7800000000000002, 0.25998668500212546
3.8000000000000003, 0.2501559690546361
3.8200000000000003, 0.24063307055765523
3.84, 0.2314053622149527
3.86, 0.22247270029290558
3.88, 0.2138206936156238
3.9, 0.20544958096443194
3.92, 0.19734538210124614
3.94, 0.18950443000870737
3.96, 0.18191701544892136
3.98, 0.17457726196448695
4.0, 0.1674873905571501
4.0200000000000005, 0.0
4.04, 0.0
4.0600000000000005, 0.0
4.08, 0.0
4.1, 0.0
4.12, 0.0
4.14, 0.0
4.16, 0.0
4.18, 0.0
4.2, 0.0
4.22, 0.0
4.24, 0.0
4.26, 0.0
4.28, 0.0
4.3, 0.0
4.32, 0.0
4.34, 0.0
4.36, 0.0
4.38, 0.0
4.4, 0.0
4.42, 0.0
4.44, 0.0
4.46, 0.0
4.48, 0.0
4.5, 0.0
4.5200000000000005, 0.0
4.54, 0.0
4.5600000000000005, 0.0
4.58, 0.0
4.6000000000000005, 0.0
4.62, 0.0
4.64, 0.0
4.66, 0.0
4.68, 0.0
4.7, 0.0
4.72, 0.0
4.74, 0.0
4.76, 0.0
4.78, 0.0
4.8, 0.0
4.82, 0.0
4.84, 0.0
4.86, 0.0
4.88, 0.0
4.9, 0.0
4.92, 0.0
4.94, 0.0
4.96, 0.0
4.98, 0.0
5.0, 0.0
5.0200000000000005, 0.0
5.04, 0.0
5.0600000000000005, 0.0
5.08, 0.0
5.1000000000000005, 0.0
5.12, 0.0
5.14, 0.0
5.16, 0.0
5.18, 0.0
5.2, 0.0
5.22, 0.0
5.24, 0.0
5.26, 0.0
5.28, 0.0
5.3, 0.0
5.32, 0.0
5.34, 0.0
5.36, 0.0
5.38, 0.0
5.4, 0.0
5.42, 0.0
5.44, 0.0
5.46, 0.0
5.48, 0.0
5.5, 0.0
5.5200000000000005, 0.0
5.54, 0.0
5.5600000000000005, 0.0
5.58, 0.0
5.6000000000000005, 0.0
5.62, 0.0
5.64, 0.0
5.66, 0.0
5.68, 0.0
5.7, 0.0
5.72, 0.0
5.74, 0.0
5.76, 0.0
5.78, 0.0
5.8, 0.0
5.82, 0.0
5.84, 0.0
5.86, 0.0
5.88, 0.0
5.9, 0.0
5.92, 0.0
5.94, 0.0
5.96, 0.0
5.98, 0.0
6.0, 0.0
6.0200000000000005, 0.0
6.04, 0.0
6.0600000000000005, 0.0
6.08, 0.0
6.1000000000000005, 0.0
6.12, 0.0
6.140000000000001, 0.0
6.16, 0.0
6.18, 0.0
6.2, 0.0
6.22, 0.0
6.24, 0.0
6.26, 0.0
6.28, 0.0
6.3, 0.0
6.32, 0.0
6.34, 0.0
6.36, 0.0
6.38, 0.0
6.4, 0.0
6.42, 0.0
6.44, 0.0
6.46, 0.0
6.48, 0.0
6.5, 0.0
6.5200000000000005, 0.0
6.54, 0.0
6.5600000000000005, 0.0
6.58, 0.0
6.6000000000000005, 0.0
6.62, 0.0
6.640000000000001, 0.0
6.66, 0.0
6.68, 0.0
6.7, 0.0
6.72, 0.0
6.74, 0.0
6.76, 0.0
6.78, 0.0
6.8, 0.0
6.82, 0.0
6.84, 0.0
6.86, 0.0
6.88, 0.0
6.9, 0.0
6.92, 0.0
6.94, 0.0
6.96, 0.0
6.98, 0.0
7.0, 0.0
7.0200000000000005, 0.0
7.04, 0.0
7.0600000000000005, 0.0
7.08, 0.0
7.1000000000000005, 0.0
7.12, 0.0
7.140000000000001, 0.0
7.16, 0.0
7.18, 0.0
7.2, 0.0
7.22, 0.0
7.24, 0.0
7.26, 0.0
7.28, 0.0
7.3, 0.0
7.32, 0.0
7.34, 0.0
7.36, 0.0
7.38, 0.0
7.4, 0.0
7.42, 0.0
7.44, 0.0
7.46, 0.0
7.48, 0.0
7.5, 0.0
7.5200000000000005, 0.0
7.54, 0.0
7.5600000000000005, 0.0
7.58, 0.0
7.6000000000000005, 0.0
7.62, 0.0
7.640000000000001, 0.0
7.66, 0.0
7.68, 0.0
7.7, 0.0
7.72, 0.0
7.74, 0.0
7.76, 0.0
7.78, 0.0
7.8, 0.0
7.82, 0.0
7.84, 0.0
7.86, 0.0
7.88, 0.0
7.9, 0.0
7.92, 0.0
7.94, 0.0
7.96, 0.0
7.98, 0.0
8.0, 0.0
8.02, 0.0
8.040000000000001, 0.0
8.06, 0.0
8.08, 0.0
8.1, 0.0
8.120000000000001, 0.0
8.14, 0.0
8.16, 0.0
8.18, 0.0
8.2, 0.0
8.22, 0.0
8.24, 0.0
8.26, 0.0
8.28, 0.0
8.3, 0.0
8.32, 0.0
8.34, 0.0
8.36, 0.0
8.38, 0.0
8.4, 0.0
8.42, 0.0
8.44, 0.0
8.46, 0.0
8.48, 0.0
8.5, 0.0
8.52, 0.0
8.540000000000001, 0.0
8.56, 0.0
8.58, 0.0
8.6, 0.0
8.620000000000001, 0.0
8.64, 0.0
8.66, 0.0
8.68, 0.0
8.700000000000001, 0.0
8.72, 0.0
8.74, 0.0
8.76, 0.0
8.78, 0.0
8.8, 0.0
8.82, 0.0
8.84, 0.0
8.86, 0.0
8.88, 0.0
8.9, 0.0
8.92, 0.0
8.94, 0.0
8.96, 0.0
8.98, 0.0
9.0, 0.0
9.02, 0.0
9.040000000000001, 0.0
9.06, 0.0
9.08, 0.0
9.1, 0.0
9.120000000000001, 0.0
9.14, 0.0
9.16, 0.0
9.18, 0.0
9.200000000000001, 0.0
9.22, 0.0
9.24, 0.0
9.26, 0.0
9.28, 0.0
9.3, 0.0
9.32, 0.0
9.34, 0.0
9.36, 0.0
9.38, 0.0
9.4, 0.0
9.42, 0.0
9.44, 0.0
9.46, 0.0
9.48, 0.0
9.5, 0.0
9.52, 0.0
9.540000000000001, 0.0
9.56, 0.0
9.58, 0.0
9.6, 0.0
9.620000000000001, 0.0
9.64, 0.0
9.66, 0.0
9.68, 0.0
9.700000000000001, 0.0
9.72, 0.0
9.74, 0.0
9.76, 0.0
9.78, 0.0
9.8, 0.0
9.82, 0.0
9.84, 0.0
9.86, 0.0
9.88, 0.0
9.9, 0.0
9.92, 0.0
9.94, 0.0
9.96, 0.0
9.98, 0.0
10.0, 0.0
10.02, 0.0
10.040000000000001, 0.0
10.06, 0.0
10.08, 0.0
10.1, 0.0
10.120000000000001, 0.0
10.14, 0.0
10.16, 0.0
10.18, 0.0
10.200000000000001, 0.0
10.22, 0.0
10.24, 0.0
10.26, 0.0
10.28, 0.0
10.3, 0.0
10.32, 0.0
10.34, 0.0
10.36, 0.0
10.38, 0.0
10.4, 0.0
10.42, 0.0
10.44, 0.0
10.46, 0.0
10.48, 0.0
10.5, 0.0
10.52, 0.0
10.540000000000001, 0.0
10.56, 0.0
10.58, 0.0
10.6, 0.0
10.620000000000001, 0.0
10.64, 0.0
10.66, 0.0
10.68, 0.0
10.700000000000001, 0.0
10.72, 0.0
10.74, 0.0
10.76, 0.0
10.78, 0.0
10.8, 0.0
10.82, 0.0
10.84, 0.0
10.86, 0.0
10.88, 0.0
10.9, 0.0
10.92, 0.0
10.94, 0.0
10.96, 0.0
10.98, 0.0
11.0, 0.0
11.02, 0.0
11.040000000000001, 0.0
11.06, 0.0
11.08, 0.0
11.1, 0.0
11.120000000000001, 0.0
11.14, 0.0
11.16, 0.0
11.18, 0.0
11.200000000000001, 0.0
11.22, 0.0
11.24, 0.0
11.26, 0.0
11.28, 0.0
11.3, 0.0
11.32, 0.0
11.34, 0.0
11.36, 0.0
11.38, 0.0
11.4, 0.0
11.42, 0.0
11.44, 0.0
11.46, 0.0
11.48, 0.0
11.5, 0.0
11.52, 0.0
11.540000000000001, 0.0
11.56, 0.0
11.58, 0.0
11.6, 0.0
11.620000000000001, 0.0
11.64, 0.0
11.66, 0.0
11.68, 0.0
11.700000000000001, 0.0
11.72, 0.0
11.74, 0.0
11.76, 0.0
11.78, 0.0
11.8, 0.0
11.82, 0.0
11.84, 0.0
11.86, 0.0
11.88, 0.0
11.9, 0.0
11.92, 0.0
11.94, 0.0
11.96, 0.0
11.98, 0.0
12.0, 0.0
12.02, 0.0
12.040000000000001, 0.0
12.06, 0.0
12.08, 0.0
12.1, 0.0
12.120000000000001, 0.0
12.14, 0.0
12.16, 0.0
12.18, 0.0
12.200000000000001, 0.0
12.22, 0.0
12.24, 0.0
12.26, 0.0
12.280000000000001, 0.0
12.3, 0.0
12.32, 0.0
12.34, 0.0
12.36, 0.0
12.38, 0.0
12.4, 0.0
12.42, 0.0
12.44, 0.0
12.46, 0.0
12.48, 0.0
12.5, 0.0
12.52, 0.0
12.540000000000001, 0.0
12.56, 0.0
12.58, 0.0
12.6, 0.0
12.620000000000001, 0.0
12.64, 0.0
12.66, 0.0
12.68, 0.0
12.700000000000001, 0.0
12.72, 0.0
12.74, 0.0
12.76, 0.0
12.780000000000001, 0.0
12.8, 0.0
12.82, 0.0
12.84, 0.0
12.86, 0.0
12.88, 0.0
12.9, 0.0
12.92, 0.0
12.94, 0.0
12.96, 0.0
12.98, 0.0
13.0, 0.0
13.02, 0.0
13.040000000000001, 0.0
13.06, 0.0
13.08, 0.0
13.1, 0.0
13.120000000000001, 0.0
13.14, 0.0
13.16, 0.0
13.18, 0.0
13.200000000000001, 0.0
13.22, 0.0
13.24, 0.0
13.26, 0.0
13.280000000000001, 0.0
13.3, 0.0
13.32, 0.0
13.34, 0.0
13.36, 0.0
13.38, 0.0
13.4, 0.0
13.42, 0.0
13.44, 0.0
13.46, 0.0
13.48, 0.0
13.5, 0.0
13.52, 0.0
13.540000000000001, 0.0
13.56, 0.0
13.58, 0.0
13.6, 0.0
13.620000000000001, 0.0
13.64, 0.0
13.66, 0.0
13.68, 0.0
13.700000000000001, 0.0
13.72, 0.0
13.74, 0.0
13.76, 0.0
13.780000000000001, 0.0
13.8, 0.0
13.82, 0.0
13.84, 0.0
13.86, 0.0
13.88, 0.0
13.9, 0.0
13.92, 0.0
13.94, 0.0
13.96, 0.0
13.98, 0.0
14.0, 0.0
14.02, 0.0
14.040000000000001, 0.0
14.06, 0.0
14.08, 0.0
14.1, 0.0
14.120000000000001, 0.0
14.14, 0.0
14.16, 0.0
14.18, 0.0
14.200000000000001, 0.0
14.22, 0.0
14.24, 0.0
14.26, 0.0
14.280000000000001, 0.0
14.3, 0.0
14.32, 0.0
14.34, 0.0
14.36, 0.0
14.38, 0.0
14.4, 0.0
14.42, 0.0
14.44, 0.0
14.46, 0.0
14.48, 0.0
14.5, 0.0
14.52, 0.0
14.540000000000001, 0.0
14.56, 0.0
14.58, 0.0
14.6, 0.0
14.620000000000001, 0.0
14.64, 0.0
14.66, 0.0
14.68, 0.0
14.700000000000001, 0.0
14.72, 0.0
14.74, 0.0
14.76, 0.0
14.780000000000001, 0.0
14.8, 0.0
14.82, 0.0
14.84, 0.0
14.86, 0.0
14.88, 0.0
14.9, 0.0
14.92, 0.0
14.94, 0.0
14.96, 0.0
14.98, 0.0
15.0, 0.0
15.02, 0.0
15.040000000000001, 0.0
15.06, 0.0
15.08, 0.0
15.1, 0.0
15.120000000000001, 0.0
15.14, 0.0
15.16, 0.0
15.18, 0.0
15.200000000000001, 0.0
15.22, 0.0
15.24, 0.0
15.26, 0.0
15.280000000000001, 0.0
15.3, 0.0
15.32, 0.0
15.34, 0.0
15.36, 0.0
15.38, 0.0
15.4, 0.0
15.42, 0.0
15.44, 0.0
15.46, 0.0
15.48, 0.0
15.5, 0.0
15.52, 0.0
15.540000000000001, 0.0
15.56, 0.0
15.58, 0.0
15.6, 0.0
15.620000000000001, 0.0
15.64, 0.0
15.66, 0.0
15.68, 0.0
15.700000000000001, 0.0
15.72, 0.0
15.74, 0.0
15.76, 0.0
15.780000000000001, 0.0
15.8, 0.0
15.82, 0.0
15.84, 0.0
15.860000000000001, 0.0
15.88, 0.0
15.9, 0.0
15.92, 0.0
15.94, 0.0
15.96, 0.0
15.98, 0.0
16.0, 0.0
16.02, 0.0
16.04, 0.0
16.06, 0.0
16.080000000000002, 0.0
16.1, 0.0
16.12, 0.0
16.14, 0.0
16.16, 0.0
16.18, 0.0
16.2, 0.0
16.22, 0.0
16.240000000000002, 0.0
16.26, 0.0
16.28, 0.0
16.3, 0.0
16.32, 0.0
16.34, 0.0
16.36, 0.0
16.38, 0.0
16.4, 0.0
16.42, 0.0
16.44, 0.0
16.46, 0.0
16.48, 0.0
16.5, 0.0
16.52, 0.0
16.54, 0.0
16.56, 0.0
16.580000000000002, 0.0
16.6, 0.0
16.62, 0.0
16.64, 0.0
16.66, 0.0
16.68, 0.0
16.7, 0.0
16.72, 0.0
16.740000000000002, 0.0
16.76, 0.0
16.78, 0.0
16.8, 0.0
16.82, 0.0
16.84, 0.0
16.86, 0.0
16.88, 0.0
16.9, 0.0
16.92, 0.0
16.94, 0.0
16.96, 0.0
16.98, 0.0
17.0, 0.0
17.02, 0.0
17.04, 0.0
17.06, 0.0
17.080000000000002, 0.0
17.1, 0.0
17.12, 0.0
17.14, 0.0
17.16, 0.0
17.18, 0.0
17.2, 0.0
17.22, 0.0
17.240000000000002, 0.0
17.26, 0.0
17.28, 0.0
17.3, 0.0
17.32, 0.0
17.34, 0.0
17.36, 0.0
17.38, 0.0
17.400000000000002, 0.0
17.42, 0.0
17.44, 0.0
17.46, 0.0
17.48, 0.0
17.5, 0.0
17.52, 0.0
17.54, 0.0
17.56, 0.0
17.580000000000002, 0.0
17.6, 0.0
17.62, 0.0
17.64, 0.0
17.66, 0.0
17.68, 0.0
17.7, 0.0
17.72, 0.0
17.740000000000002, 0.0
17.76, 0.0
17.78, 0.0
17.8, 0.0
17.82, 0.0
17.84, 0.0
17.86, 0.0
17.88, 0.0
17.900000000000002, 0.0
17.92, 0.0
17.94, 0.0
17.96, 0.0
17.98, 0.0
18.0, 0.0
18.02, 0.0
18.04, 0.0
18.06, 0.0
18.080000000000002, 0.0
18.1, 0.0
18.12, 0.0
18.14, 0.0
18.16, 0.0
18.18, 0.0
18.2, 0.0
18.22, 0.0
18.240000000000002, 0.0
18.26, 0.0
18.28, 0.0
18.3, 0.0
18.32, 0.0
18.34, 0.0
18.36, 0.0
18.38, 0.0
18.400000000000002, 0.0
18.42, 0.0
18.44, 0.0
18.46, 0.0
18.48, 0.0
18.5, 0.0
18.52, 0.0
18.54, 0.0
18.56, 0.0
18.580000000000002, 0.0
18.6, 0.0
18.62, 0.0
18.64, 0.0
18.66, 0.0
18.68, 0.0
18.7, 0.0
18.72, 0.0
18.740000000000002, 0.0
18.76, 0.0
18.78, 0.0
18.8, 0.0
18.82, 0.0
18.84, 0.0
18.86, 0.0
18.88, 0.0
18.900000000000002, 0.0
18.92, 0.0
18.94, 0.0
18.96, 0.0
18.98, 0.0
19.0, 0.0
19.02, 0.0
19.04, 0.0
19.06, 0.0
19.080000000000002, 0.0
19.1, 0.0
19.12, 0.0
19.14, 0.0
19.16, 0.0
19.18, 0.0
19.2, 0.0
19.22, 0.0
19.240000000000002, 0.0
19.26, 0.0
19.28, 0.0
19.3, 0.0
19.32, 0.0
19.34, 0.0
19.36, 0.0
19.38, 0.0
19.400000000000002, 0.0
19.42, 0.0
19.44, 0.0
19.46, 0.0
19.48, 0.0
19.5, 0.0
19.52, 0.0
19.54, 0.0
19.56, 0.0
19.580000000000002, 0.0
19.6, 0.0
19.62, 0.0
19.64, 0.0
19.66, 0.0
19.68, 0.0
19.7, 0.0
19.72, 0.0
19.740000000000002, 0.0
19.76, 0.0
19.78, 0.0
19.8, 0.0
19.82, 0.0
19.84, 0.0
19.86, 0.0
19.88, 0.0
19.900000000000002, 0.0
19.92, 0.0
19.94, 0.0
19.96, 0.0
19.98, 0.0
20.0, 0.0
20.02, 0.0
20.04, 0.0
20.06, 0.0
20.080000000000002, 0.0
20.1, 0.0
20.12, 0.0
20.14, 0.0
20.16, 0.0
20.18, 0.0
20.2, 0.0
20.22, 0.0
20.240000000000002, 0.0
20.26, 0.0
20.28, 0.0
20.3, 0.0
20.32, 0.0
20.34, 0.0
20.36, 0.0
20.38, 0.0
20.400000000000002, 0.0
20.42, 0.0
20.44, 0.0
20.46, 0.0
20.48, 0.0
20.5, 0.0
20.52, 0.0
20.54, 0.0
20.56, 0.0
20.580000000000002, 0.0
20.6, 0.0
20.62, 0.0
20.64, 0.0
20.66, 0.0
20.68, 0.0
20.7, 0.0
20.72, 0.0
20.740000000000002, 0.0
20.76, 0.0
20.78, 0.0
20.8, 0.0
20.82, 0.0
20.84, 0.0
20.86, 0.0
20.88, 0.0
20.900000000000002, 0.0
20.92, 0.0
20.94, 0.0
20.96, 0.0
20.98, 0.0
21.0, 0.0
21.02, 0.0
21.04, 0.0
21.06, 0.0
21.080000000000002, 0.0
21.1, 0.0
21.12, 0.0
21.14, 0.0
21.16, 0.0
21.18, 0.0
21.2, 0.0
21.22, 0.0
21.240000000000002, 0.0
21.26, 0.0
21.28, 0.0
21.3, 0.0
21.32, 0.0
21.34, 0.0
21.36, 0.0
21.38, 0.0
21.400000000000002, 0.0
21.42, 0.0
21.44, 0.0
21.46, 0.0
21.48, 0.0
21.5, 0.0
21.52, 0.0
21.54, 0.0
21.56, 0.0
21.580000000000002, 0.0
21.6, 0.0
21.62, 0.0
21.64, 0.0
21.66, 0.0
21.68, 0.0
21.7, 0.0
21.72, 0.0
21.740000000000002, 0.0
21.76, 0.0
21.78, 0.0
21.8, 0.0
21.82, 0.0
21.84, 0.0
21.86, 0.0
21.88, 0.0
21.900000000000002, 0.0
21.92, 0.0
21.94, 0.0
21.96, 0.0
21.98, 0.0
22.0, 0.0
22.02, 0.0
22.04, 0.0
22.06, 0.0
22.080000000000002, 0.0
22.1, 0.0
22.12, 0.0
22.14, 0.0
22.16, 0.0
22.18, 0.0
22.2, 0.0
22.22, 0.0
22.240000000000002, 0.0
22.26, 0.0
22.28, 0.0
22.3, 0.0
22.32, 0.0
22.34, 0.0
22.36, 0.0
22.38, 0.0
22.400000000000002, 0.0
22.42, 0.0
22.44, 0.0
22.46, 0.0
22.48, 0.0
22.5, 0.0
22.52, 0.0
22.54, 0.0
22.56, 0.0
22.580000000000002, 0.0
22.6, 0.0
22.62, 0.0
22.64, 0.0
22.66, 0.0
22.68, 0.0
22.7, 0.0
22.72, 0.0
22.740000000000002, 0.0
22.76, 0.0
22.78, 0.0
22.8, 0.0
22.82, 0.0
22.84, 0.0
22.86, 0.0
22.88, 0.0
22.900000000000002, 0.0
22.92, 0.0
22.94, 0.0
22.96, 0.0
22.98, 0.0
23.0, 0.0
23.02, 0.0
23.04, 0.0
23.06, 0.0
23.080000000000002, 0.0
23.1, 0.0
23.12, 0.0
23.14, 0.0
23.16, 0.0
23.18, 0.0
23.2, 0.0
23.22, 0.0
23.240000000000002, 0.0
23.26, 0.0
23.28, 0.0
23.3, 0.0
23.32, 0.0
23.34, 0.0
23.36, 0.0
23.38, 0.0
23.400000000000002, 0.0
23.42, 0.0
23.44, 0.0
23.46, 0.0
23.48, 0.0
23.5, 0.0
23.52, 0.0
23.54, 0.0
23.56, 0.0
23.580000000000002, 0.0
23.6, 0.0
23.62, 0.0
23.64, 0.0
23.66, 0.0
23.68, 0.0
23.7, 0.0
23.72, 0.0
23.740000000000002, 0.0
23.76, 0.0
23.78, 0.0
23.8, 0.0
23.82, 0.0
23.84, 0.0
23.86, 0.0
23.88, 0.0
23.900000000000002, 0.0
23.92, 0.0
23.94, 0.0
23.96, 0.0
23.98, 0.0
24.0, 0.0
24.02, 0.0
24.04, 0.0
24.060000000000002, 0.0
24.080000000000002, 0.0
24.1, 0.0
24.12, 0.0
24.14, 0.0
24.16, 0.0
24.18, 0.0
24.2, 0.0
24.22, 0.0
24.240000000000002, 0.0
24.26, 0.0
24.28, 0.0
24.3, 0.0
24.32, 0.0
24.34, 0.0
24.36, 0.0
24.38, 0.0
24.400000000000002, 0.0
24.42, 0.0
24.44, 0.0
24.46, 0.0
24.48, 0.0
24.5, 0.0
24.52, 0.0
24.54, 0.0
24.560000000000002, 0.0
24.580000000000002, 0.0
24.6, 0.0
24.62, 0.0
24.64, 0.0
24.66, 0.0
24.68, 0.0
24.7, 0.0
24.72, 0.0
24.740000000000002, 0.0
24.76, 0.0
24.78, 0.0
24.8, 0.0
24.82, 0.0
24.84, 0.0
24.86, 0.0
24.88, 0.0
24.900000000000002, 0.0
24.92, 0.0
24.94, 0.0
24.96, 0.0
24.98, 0.0
25.0, 0.0
25.02, 0.0
25.04, 0.0
25.060000000000002, 0.0
25.080000000000002, 0.0
25.1, 0.0
25.12, 0.0
25.14, 0.0
25.16, 0.0
25.18, 0.0
25.2, 0.0
25.22, 0.0
25.240000000000002, 0.0
25.26, 0.0
25.28, 0.0
25.3, 0.0
25.32, 0.0
25.34, 0.0
25.36, 0.0
25.38, 0.0
25.400000000000002, 0.0
25.42, 0.0
25.44, 0.0
25.46, 0.0
25.48, 0.0
25.5, 0.0
25.52, 0.0
25.54, 0.0
25.560000000000002, 0.0
25.580000000000002, 0.0
25.6, 0.0
25.62, 0.0
25.64, 0.0
25.66, 0.0
25.68, 0.0
25.7, 0.0
25.72, 0.0
25.740000000000002, 0.0
25.76, 0.0
25.78, 0.0
25.8, 0.0
25.82, 0.0
25.84, 0.0
25.86, 0.0
25.88, 0.0
25.900000000000002, 0.0
25.92, 0.0
25.94, 0.0
25.96, 0.0
25.98, 0.0
26.0, 0.0
26.02, 0.0
26.04, 0.0
26.060000000000002, 0.0
26.080000000000002, 0.0
26.1, 0.0
26.12, 0.0
26.14, 0.0
26.16, 0.0
26.18, 0.0
26.2, 0.0
26.22, 0.0
26.240000000000002, 0.0
26.26, 0.0
26.28, 0.0
26.3, 0.0
26.32, 0.0
26.34, 0.0
26.36, 0.0
26.38, 0.0
26.400000000000002, 0.0
26.42, 0.0
26.44, 0.0
26.46, 0.0
26.48, 0.0
26.5, 0.0
26.52, 0.0
26.54, 0.0
26.560000000000002, 0.0
26.580000000000002, 0.0
26.6, 0.0
26.62, 0.0
26.64, 0.0
26.66, 0.0
26.68, 0.0
26.7, 0.0
26.72, 0.0
26.740000000000002, 0.0
26.76, 0.0
26.78, 0.0
26.8, 0.0
26.82, 0.0
26.84, 0.0
26.86, 0.0
26.88, 0.0
26.900000000000002, 0.0
26.92, 0.0
26.94, 0.0
26.96, 0.0
26.98, 0.0
27.0, 0.0
27.02, 0.0
27.04, 0.0
27.060000000000002, 0.0
27.080000000000002, 0.0
27.1, 0.0
27.12, 0.0
27.14, 0.0
27.16, 0.0
27.18, 0.0
27.2, 0.0
27.22, 0.0
27.240000000000002, 0.0
27.26, 0.0
27.28, 0.0
27.3, 0.0
27.32, 0.0
27.34, 0.0
27.36, 0.0
27.38, 0.0
27.400000000000002, 0.0
27.42, 0.0
27.44, 0.0
27.46, 0.0
27.48, 0.0
27.5, 0.0
27.52, 0.0
27.54, 0.0
27.560000000000002, 0.0
27.580000000000002, 0.0
27.6, 0.0
27.62, 0.0
27.64, 0.0
27.66, 0.0
27.68, 0.0
27.7, 0.0
27.72, 0.0
27.740000000000002, 0.0
27.76, 0.0
27.78, 0.0
27.8, 0.0
27.82, 0.0
27.84, 0.0
27.86, 0.0
27.88, 0.0
27.900000000000002, 0.0
27.92, 0.0
27.94, 0.0
27.96, 0.0
27.98, 0.0
28.0, 0.0
28.02, 0.0
28.04, 0.0
28.060000000000002, 0.0
28.080000000000002, 0.0
28.1, 0.0
28.12, 0.0
28.14, 0.0
28.16, 0.0
28.18, 0.0
28.2, 0.0
28.22, 0.0
28.240000000000002, 0.0
28.26, 0.0
28.28, 0.0
28.3, 0.0
28.32, 0.0
28.34, 0.0
28.36, 0.0
28.38, 0.0
28.400000000000002, 0.0
28.42, 0.0
28.44, 0.0
28.46, 0.0
28.48, 0.0
28.5, 0.0
28.52, 0.0
28.54, 0.0
28.560000000000002, 0.0
28.580000000000002, 0.0
28.6, 0.0
28.62, 0.0
28.64, 0.0
28.66, 0.0
28.68, 0.0
28.7, 0.0
28.72, 0.0
28.740000000000002, 0.0
28.76, 0.0
28.78, 0.0
28.8, 0.0
28.82, 0.0
28.84, 0.0
28.86, 0.0
28.88, 0.0
28.900000000000002, 0.0
28.92, 0.0
28.94, 0.0
28.96, 0.0
28.98, 0.0
29.0, 0.0
29.02, 0.0
29.04, 0.0
29.060000000000002, 0.0
29.080000000000002, 0.0
29.1, 0.0
29.12, 0.0
29.14, 0.0
29.16, 0.0
29.18, 0.0
29.2, 0.0
29.22, 0.0
29.240000000000002, 0.0
29.26, 0.0
29.28, 0.0
29.3, 0.0
29.32, 0.0
29.34, 0.0
29.36, 0.0
29.38, 0.0
29.400000000000002, 0.0
29.42, 0.0
29.44, 0.0
29.46, 0.0
29.48, 0.0
29.5, 0.0
29.52, 0.0
29.54, 0.0
29.560000000000002, 0.0
29.580000000000002, 0.0
29.6, 0.0
29.62, 0.0
29.64, 0.0
29.66, 0.0
29.68, 0.0
29.7, 0.0
29.72, 0.0
29.740000000000002, 0.0
29.76, 0.0
29.78, 0.0
29.8, 0.0
29.82, 0.0
29.84, 0.0
29.86, 0.0
29.88, 0.0
29.900000000000002, 0.0
29.92, 0.0
29.94, 0.0
29.96, 0.0
29.98, 0.0
30.0, 0.0
30.02, 0.0
30.04, 0.0
30.060000000000002, 0.0
30.080000000000002, 0.0
30.1, 0.0
30.12, 0.0
30.14, 0.0
30.16, 0.0
30.18, 0.0
30.2, 0.0
30.22, 0.0
30.240000000000002, 0.0
30.26, 0.0
30.28, 0.0
30.3, 0.0
30.32, 0.0
30.34, 0.0
30.36, 0.0
30.38, 0.0
30.400000000000002, 0.0
30.42, 0.0
30.44, 0.0
30.46, 0.0
30.48, 0.0
30.5, 0.0
30.52, 0.0
30.54, 0.0
30.560000000000002, 0.0
30.580000000000002, 0.0
30.6, 0.0
30.62, 0.0
30.64, 0.0
30.66, 0.0
30.68, 0.0
30.7, 0.0
30.72, 0.0
30.740000000000002, 0.0
30.76, 0.0
30.78, 0.0
30.8, 0.0
30.82, 0.0
30.84, 0.0
30.86, 0.0
30.88, 0.0
30.900000000000002, 0.0
30.92, 0.0
30.94, 0.0
30.96, 0.0
30.98, 0.0
31.0, 0.0
31.02, 0.0
31.04, 0.0
31.060000000000002, 0.0
31.080000000000002, 0.0
31.1, 0.0
31.12, 0.0
31.14, 0.0
31.16, 0.0
31.18, 0.0
31.2, 0.0
31.220000000000002, 0.0
31.240000000000002, 0.0
31.26, 0.0
31.28, 0.0
31.3, 0.0
31.32, 0.0
31.34, 0.0
31.36, 0.0
31.38, 0.0
31.400000000000002, 0.0
31.42, 0.0
31.44, 0.0
31.46, 0.0
31.48, 0.0
31.5, 0.0
31.52, 0.0
31.54, 0.0
31.560000000000002, 0.0
31.580000000000002, 0.0
31.6, 0.0
31.62, 0.0
31.64, 0.0
31.66, 0.0
31.68, 0.0
31.7, 0.0
31.720000000000002, 0.0
31.740000000000002, 0.0
31.76, 0.0
31.78, 0.0
31.8, 0.0
31.82, 0.0
31.84, 0.0
31.86, 0.0
31.88, 0.0
31.900000000000002, 0.0
31.92, 0.0
31.94, 0.0
31.96, 0.0
31.98, 0.0
32.0, 0.0
32.02, 0.0
32.04, 0.0
32.06, 0.0
32.08, 0.0
32.1, 0.0
32.12, 0.0
32.14, 0.0
32.160000000000004, 0.0
32.18, 0.0
32.2, 0.0
32.22, 0.0
32.24, 0.0
32.26, 0.0
32.28, 0.0
32.3, 0.0
32.32, 0.0
32.34, 0.0
32.36, 0.0
32.38, 0.0
32.4, 0.0
32.42, 0.0
32.44, 0.0
32.46, 0.0
32.480000000000004, 0.0
32.5, 0.0
32.52, 0.0
32.54, 0.0
32.56, 0.0
32.58, 0.0
32.6, 0.0
32.62, 0.0
32.64, 0.0
32.660000000000004, 0.0
32.68, 0.0
32.7, 0.0
32.72, 0.0
32.74, 0.0
32.76, 0.0
32.78, 0.0
32.8, 0.0
32.82, 0.0
32.84, 0.0
32.86, 0.0
32.88, 0.0
32.9, 0.0
32.92, 0.0
32.94, 0.0
32.96, 0.0
32.980000000000004, 0.0
33.0, 0.0
33.02, 0.0
33.04, 0.0
33.06, 0.0
33.08, 0.0
33.1, 0.0
33.12, 0.0
33.14, 0.0
33.160000000000004, 0.0
33.18, 0.0
33.2, 0.0
33.22, 0.0
33.24, 0.0
33.26, 0.0
33.28, 0.0
33.3, 0.0
33.32, 0.0
33.34, 0.0
33.36, 0.0
33.38, 0.0
33.4, 0.0
33.42, 0.0
33.44, 0.0
33.46, 0.0
33.480000000000004, 0.0
33.5, 0.0
33.52, 0.0
33.54, 0.0
33.56, 0.0
33.58, 0.0
33.6, 0.0
33.62, 0.0
33.64, 0.0
33.660000000000004, 0.0
33.68, 0.0
33.7, 0.0
33.72, 0.0
33.74, 0.0
33.76, 0.0
33.78, 0.0
33.8, 0.0
33.82, 0.0
33.84, 0.0
33.86, 0.0
33.88, 0.0
33.9, 0.0
33.92, 0.0
33.94, 0.0
33.96, 0.0
33.980000000000004, 0.0
34.0, 0.0
34.02, 0.0
34.04, 0.0
34.06, 0.0
34.08, 0.0
34.1, 0.0
34.12, 0.0
34.14, 0.0
34.160000000000004, 0.0
34.18, 0.0
34.2, 0.0
34.22, 0.0
34.24, 0.0
34.26, 0.0
34.28, 0.0
34.300000000000004, 0.0
34.32, 0.0
34.34, 0.0
34.36, 0.0
34.38, 0.0
34.4, 0.0
34.42, 0.0
34.44, 0.0
34.46, 0.0
34.480000000000004, 0.0
34.5, 0.0
34.52, 0.0
34.54, 0.0
34.56, 0.0
34.58, 0.0
34.6, 0.0
34.62, 0.0
34.64, 0.0
34.660000000000004, 0.0
34.68, 0.0
34.7, 0.0
34.72, 0.0
34.74, 0.0
34.76, 0.0
34.78, 0.0
34.800000000000004, 0.0
34.82, 0.0
34.84, 0.0
34.86, 0.0
34.88, 0.0
34.9, 0.0
34.92, 0.0
34.94, 0.0
34.96, 0.0
34.980000000000004, 0.0
35.0, 0.0
35.02, 0.0
35.04, 0.0
35.06, 0.0
35.08, 0.0
35.1, 0.0
35.12, 0.0
35.14, 0.0
35.160000000000004, 0.0
35.18, 0.0
35.2, 0.0
35.22, 0.0
35.24, 0.0
35.26, 0.0
35.28, 0.0
35.300000000000004, 0.0
35.32, 0.0
35.34, 0.0
35.36, 0.0
35.38, 0.0
35.4, 0.0
35.42, 0.0
35.44, 0.0
35.46, 0.0
35.480000000000004, 0.0
35.5, 0.0
35.52, 0.0
35.54, 0.0
35.56, 0.0
35.58, 0.0
35.6, 0.0
35.62, 0.0
35.64, 0.0
35.660000000000004, 0.0
35.68, 0.0
35.7, 0.0
35.72, 0.0
35.74, 0.0
35.76, 0.0
35.78, 0.0
35.800000000000004, 0.0
35.82, 0.0
35.84, 0.0
35.86, 0.0
35.88, 0.0
35.9, 0.0
35.92, 0.0
35.94, 0.0
35.96, 0.0
35.980000000000004, 0.0
36.0, 0.0
36.02, 0.0
36.04, 0.0
36.06, 0.0
36.08, 0.0
36.1, 0.0
36.12, 0.0
36.14, 0.0
36.160000000000004, 0.0
36.18, 0.0
36.2, 0.0
36.22, 0.0
36.24, 0.0
36.26, 0.0
36.28, 0.0
36.300000000000004, 0.0
36.32, 0.0
36.34, 0.0
36.36, 0.0
36.38, 0.0
36.4, 0.0
36.42, 0.0
36.44, 0.0
36.46, 0.0
36.480000000000004, 0.0
36.5, 0.0
36.52, 0.0
36.54, 0.0
36.56, 0.0
36.58, 0.0
36.6, 0.0
36.62, 0.0
36.64, 0.0
36.660000000000004, 0.0
36.68, 0.0
36.7, 0.0
36.72, 0.0
36.74, 0.0
36.76, 0.0
36.78, 0.0
36.800000000000004, 0.0
36.82, 0.0
36.84, 0.0
36.86, 0.0
36.88, 0.0
36.9, 0.0
36.92, 0.0
36.94, 0.0
36.96, 0.0
36.980000000000004, 0.0
37.0, 0.0
37.02, 0.0
37.04, 0.0
37.06, 0.0
37.08, 0.0
37.1, 0.0
37.12, 0.0
37.14, 0.0
37.160000000000004, 0.0
37.18, 0.0
37.2, 0.0
37.22, 0.0
37.24, 0.0
37.26, 0.0
37.28, 0.0
37.300000000000004, 0.0
37.32, 0.0
37.34, 0.0
37.36, 0.0
37.38, 0.0
37.4, 0.0
37.42, 0.0
37.44, 0.0
37.46, 0.0
37.480000000000004, 0.0
37.5, 0.0
37.52, 0.0
37.54, 0.0
37.56, 0.0
37.58, 0.0
37.6, 0.0
37.62, 0.0
37.64, 0.0
37.660000000000004, 0.0
37.68, 0.0
37.7, 0.0
37.72, 0.0
37.74, 0.0
37.76, 0.0
37.78, 0.0
37.800000000000004, 0.0
37.82, 0.0
37.84, 0.0
37.86, 0.0
37.88, 0.0
37.9, 0.0
37.92, 0.0
37.94, 0.0
37.96, 0.0
37.980000000000004, 0.0
38.0, 0.0
38.02, 0.0
38.04, 0.0
38.06, 0.0
38.08, 0.0
38.1, 0.0
38.12, 0.0
38.14, 0.0
38.160000000000004, 0.0
38.18, 0.0
38.2, 0.0
38.22, 0.0
38.24, 0.0
38.26, 0.0
38.28, 0.0
38.300000000000004, 0.0
38.32, 0.0
38.34, 0.0
38.36, 0.0
38.38, 0.0
38.4, 0.0
38.42, 0.0
38.44, 0.0
38.46, 0.0
38.480000000000004, 0.0
38.5, 0.0
38.52, 0.0
38.54, 0.0
38.56, 0.0
38.58, 0.0
38.6, 0.0
38.62, 0.0
38.64, 0.0
38.660000000000004, 0.0
38.68, 0.0
38.7, 0.0
38.72, 0.0
38.74, 0.0
38.76, 0.0
38.78, 0.0
38.800000000000004, 0.0
38.82, 0.0
38.84, 0.0
38.86, 0.0
38.88, 0.0
38.9, 0.0
38.92, 0.0
38.94, 0.0
38.96, 0.0
38.980000000000004, 0.0
39.0, 0.0
39.02, 0.0
39.04, 0.0
39.06, 0.0
39.08, 0.0
39.1, 0.0
39.12, 0.0
39.14, 0.0
39.160000000000004, 0.0
39.18, 0.0
39.2, 0.0
39.22, 0.0
39.24, 0.0
39.26, 0.0
39.28, 0.0
39.300000000000004, 0.0
39.32, 0.0
39.34, 0.0
39.36, 0.0
39.38, 0.0
39.4, 0.0
39.42, 0.0
39.44, 0.0
39.46, 0.0
39.480000000000004, 0.0
39.5, 0.0
39.52, 0.0
39.54, 0.0
39.56, 0.0
39.58, 0.0
39.6, 0.0
39.62, 0.0
39.64, 0.0
39.660000000000004, 0.0
39.68, 0.0
39.7, 0.0
39.72, 0.0
39.74, 0.0
39.76, 0.0
39.78, 0.0
39.800000000000004, 0.0
39.82, 0.0
39.84, 0.0
39.86, 0.0
39.88, 0.0
39.9, 0.0
39.92, 0.0
39.94, 0.0
39.96, 0.0
39.980000000000004, 0.0
40.0, 0.0
40.02, 0.0
40.04, 0.0
40.06, 0.0
40.08, 0.0
40.1, 0.0
40.12, 0.0
40.14, 0.0
40.160000000000004, 0.0
40.18, 0.0
40.2, 0.0
40.22, 0.0
40.24, 0.0
40.26, 0.0
40.28, 0.0
40.300000000000004, 0.0
40.32, 0.0
40.34, 0.0
40.36, 0.0
40.38, 0.0
40.4, 0.0
40.42, 0.0
40.44, 0.0
40.46, 0.0
40.480000000000004, 0.0
40.5, 0.0
40.52, 0.0
40.54, 0.0
40.56, 0.0
40.58, 0.0
40.6, 0.0
40.62, 0.0
40.64, 0.0
40.660000000000004, 0.0
40.68, 0.0
40.7, 0.0
40.72, 0.0
40.74, 0.0
40.76, 0.0
40.78, 0.0
40.800000000000004, 0.0
40.82, 0.0
40.84, 0.0
40.86, 0.0
40.88, 0.0
40.9, 0.0
40.92, 0.0
40.94, 0.0
40.96, 0.0
40.980000000000004, 0.0
41.0, 0.0
41.02, 0.0
41.04, 0.0
41.06, 0.0
41.08, 0.0
41.1, 0.0
41.12, 0.0
41.14, 0.0
41.160000000000004, 0.0
41.18, 0.0
41.2, 0.0
41.22, 0.0
41.24, 0.0
41.26, 0.0
41.28, 0.0
41.300000000000004, 0.0
41.32, 0.0
41.34, 0.0
41.36, 0.0
41.38, 0.0
41.4, 0.0
41.42, 0.0
41.44, 0.0
41.46, 0.0
41.480000000000004, 0.0
41.5, 0.0
41.52, 0.0
41.54, 0.0
41.56, 0.0
41.58, 0.0
41.6, 0.0
41.62, 0.0
41.64, 0.0
41.660000000000004, 0.0
41.68, 0.0
41.7, 0.0
41.72, 0.0
41.74, 0.0
41.76, 0.0
41.78, 0.0
41.800000000000004, 0.0
41.82, 0.0
41.84, 0.0
41.86, 0.0
41.88, 0.0
41.9, 0.0
41.92, 0.0
41.94, 0.0
41.96, 0.0
41.980000000000004, 0.0
42.0, 0.0
42.02, 0.0
42.04, 0.0
42.06, 0.0
42.08, 0.0
42.1, 0.0
42.12, 0.0
42.14, 0.0
42.160000000000004, 0.0
42.18, 0.0
42.2, 0.0
42.22, 0.0
42.24, 0.0
42.26, 0.0
42.28, 0.0
42.300000000000004, 0.0
42.32, 0.0
42.34, 0.0
42.36, 0.0
42.38, 0.0
42.4, 0.0
42.42, 0.0
42.44, 0.0
42.46, 0.0
42.480000000000004, 0.0
42.5, 0.0
42.52, 0.0
42.54, 0.0
42.56, 0.0
42.58, 0.0
42.6, 0.0
42.62, 0.0
42.64, 0.0
42.660000000000004, 0.0
42.68, 0.0
42.7, 0.0
42.72, 0.0
42.74, 0.0
42.76, 0.0
42.78, 0.0
42.800000000000004, 0.0
42.82, 0.0
42.84, 0.0
42.86, 0.0
42.88, 0.0
42.9, 0.0
42.92, 0.0
42.94, 0.0
42.96, 0.0
42.980000000000004, 0.0
43.0, 0.0
43.02, 0.0
43.04, 0.0
43.06, 0.0
43.08, 0.0
43.1, 0.0
43.12, 0.0
43.14, 0.0
43.160000000000004, 0.0
43.18, 0.0
43.2, 0.0
43.22, 0.0
43.24, 0.0
43.26, 0.0
43.28, 0.0
43.300000000000004, 0.0
43.32, 0.0
43.34, 0.0
43.36, 0.0
43.38, 0.0
43.4, 0.0
43.42, 0.0
43.44, 0.0
43.46, 0.0
43.480000000000004, 0.0
43.5, 0.0
43.52, 0.0
43.54, 0.0
43.56, 0.0
43.58, 0.0
43.6, 0.0
43.62, 0.0
43.64, 0.0
43.660000000000004, 0.0
43.68, 0.0
43.7, 0.0
43.72, 0.0
43.74, 0.0
43.76, 0.0
43.78, 0.0
43.800000000000004, 0.0
43.82, 0.0
43.84, 0.0
43.86, 0.0
43.88, 0.0
43.9, 0.0
43.92, 0.0
43.94, 0.0
43.96, 0.0
43.980000000000004, 0.0
44.0, 0.0
44.02, 0.0
44.04, 0.0
44.06, 0.0
44.08, 0.0
44.1, 0.0
44.12, 0.0
44.14, 0.0
44.160000000000004, 0.0
44.18, 0.0
44.2, 0.0
44.22, 0.0
44.24, 0.0
44.26, 0.0
44.28, 0.0
44.300000000000004, 0.0
44.32, 0.0
44.34, 0.0
44.36, 0.0
44.38, 0.0
44.4, 0.0
44.42, 0.0
44.44, 0.0
44.46, 0.0
44.480000000000004, 0.0
44.5, 0.0
44.52, 0.0
44.54, 0.0
44.56, 0.0
44.58, 0.0
44.6, 0.0
44.62, 0.0
44.64, 0.0
44.660000000000004, 0.0
44.68, 0.0
44.7, 0.0
44.72, 0.0
44.74, 0.0
44.76, 0.0
44.78, 0.0
44.800000000000004, 0.0
44.82, 0.0
44.84, 0.0
44.86, 0.0
44.88, 0.0
44.9, 0.0
44.92, 0.0
44.94, 0.0
44.96, 0.0
44.980000000000004, 0.0
45.0, 0.0
45.02, 0.0
45.04, 0.0
45.06, 0.0
45.08, 0.0
45.1, 0.0
45.12, 0.0
45.14, 0.0
45.160000000000004, 0.0
45.18, 0.0
45.2, 0.0
45.22, 0.0
45.24, 0.0
45.26, 0.0
45.28, 0.0
45.300000000000004, 0.0
45.32, 0.0
45.34, 0.0
45.36, 0.0
45.38, 0.0
45.4, 0.0
45.42, 0.0
45.44, 0.0
45.46, 0.0
45.480000000000004, 0.0
45.5, 0.0
45.52, 0.0
45.54, 0.0
45.56, 0.0
45.58, 0.0
45.6, 0.0
45.62, 0.0
45.64, 0.0
45.660000000000004, 0.0
45.68, 0.0
45.7, 0.0
45.72, 0.0
45.74, 0.0
45.76, 0.0
45.78, 0.0
45.800000000000004, 0.0
45.82, 0.0
45.84, 0.0
45.86, 0.0
45.88, 0.0
45.9, 0.0
45.92, 0.0
45.94, 0.0
45.96, 0.0
45.980000000000004, 0.0
46.0, 0.0
46.02, 0.0
46.04, 0.0
46.06, 0.0
46.08, 0.0
46.1, 0.0
46.12, 0.0
46.14, 0.0
46.160000000000004, 0.0
46.18, 0.0
46.2, 0.0
46.22, 0.0
46.24, 0.0
46.26, 0.0
46.28, 0.0
46.300000000000004, 0.0
46.32, 0.0
46.34, 0.0
46.36, 0.0
46.38, 0.0
46.4, 0.0
46.42, 0.0
46.44, 0.0
46.46, 0.0
46.480000000000004, 0.0
46.5, 0.0
46.52, 0.0
46.54, 0.0
46.56, 0.0
46.58, 0.0
46.6, 0.0
46.62, 0.0
46.64, 0.0
46.660000000000004, 0.0
46.68, 0.0
46.7, 0.0
46.72, 0.0
46.74, 0.0
46.76, 0.0
46.78, 0.0
46.800000000000004, 0.0
46.82, 0.0
46.84, 0.0
46.86, 0.0
46.88, 0.0
46.9, 0.0
46.92, 0.0
46.94, 0.0
46.96, 0.0
46.980000000000004, 0.0
47.0, 0.0
47.02, 0.0
47.04, 0.0
47.06, 0.0
47.08, 0.0
47.1, 0.0
47.12, 0.0
47.14, 0.0
47.160000000000004, 0.0
47.18, 0.0
47.2, 0.0
47.22, 0.0
47.24, 0.0
47.26, 0.0
47.28, 0.0
47.300000000000004, 0.0
47.32, 0.0
47.34, 0.0
47.36, 0.0
47.38, 0.0
47.4, 0.0
47.42, 0.0
47.44, 0.0
47.46, 0.0
47.480000000000004, 0.0
47.5, 0.0
47.52, 0.0
47.54, 0.0
47.56, 0.0
47.58, 0.0
47.6, 0.0
47.62, 0.0
47.64, 0.0
47.660000000000004, 0.0
47.68, 0.0
47.7, 0.0
47.72, 0.0
47.74, 0.0
47.76, 0.0
47.78, 0.0
47.800000000000004, 0.0
47.82, 0.0
47.84, 0.0
47.86, 0.0
47.88, 0.0
47.9, 0.0
47.92, 0.0
47.94, 0.0
47.96, 0.0
47.980000000000004, 0.0
48.0, 0.0
48.02, 0.0
48.04, 0.0
48.06, 0.0
48.08, 0.0
48.1, 0.0
48.120000000000005, 0.0
48.14, 0.0
48.160000000000004, 0.0
48.18, 0.0
48.2, 0.0
48.22, 0.0
48.24, 0.0
48.26, 0.0
48.28, 0.0
48.300000000000004, 0.0
48.32, 0.0
48.34, 0.0
48.36, 0.0
48.38, 0.0
48.4, 0.0
48.42, 0.0
48.44, 0.0
48.46, 0.0
48.480000000000004, 0.0
48.5, 0.0
48.52, 0.0
48.54, 0.0
48.56, 0.0
48.58, 0.0
48.6, 0.0
48.620000000000005, 0.0
48.64, 0.0
48.660000000000004, 0.0
48.68, 0.0
48.7, 0.0
48.72, 0.0
48.74, 0.0
48.76, 0.0
48.78, 0.0
48.800000000000004, 0.0
48.82, 0.0
48.84, 0.0
48.86, 0.0
48.88, 0.0
48.9, 0.0
48.92, 0.0
48.94, 0.0
48.96, 0.0
48.980000000000004, 0.0
49.0, 0.0
49.02, 0.0
49.04, 0.0
49.06, 0.0
49.08, 0.0
49.1, 0.0
49.120000000000005, 0.0
49.14, 0.0
49.160000000000004, 0.0
49.18, 0.0
49.2, 0.0
49.22, 0.0
49.24, 0.0
49.26, 0.0
49.28, 0.0
49.300000000000004, 0.0
49.32, 0.0
49.34, 0.0
49.36, 0.0
49.38, 0.0
49.4, 0.0
49.42, 0.0
49.44, 0.0
49.46, 0.0
49.480000000000004, 0.0
49.5, 0.0
49.52, 0.0
49.54, 0.0
49.56, 0.0
49.58, 0.0
49.6, 0.0
49.620000000000005, 0.0
49.64, 0.0
49.660000000000004, 0.0
49.68, 0.0
49.7, 0.0
49.72, 0.0
49.74, 0.0
49.76, 0.0
49.78, 0.0
49.800000000000004, 0.0
49.82, 0.0
49.84, 0.0
49.86, 0.0
49.88, 0.0
49.9, 0.0
49.92, 0.0
49.94, 0.0
49.96, 0.0
49.980000000000004, 0.0
50.0, 0.0
